0 773 0.7097117 24 0
1 948 0.70794463 24 0
2 1102 0.70662165 24 0
3 1151 0.70543385 24 0
4 1280 0.7016684 24 0
5 1451 0.69971716 24 0
6 1657 0.6995852 24 0
7 1658 0.695354 24 0
8 1801 0.6948942 24 0
9 1950 0.69596356 24 0
10 1987 0.6925886 24 0
11 2111 0.6905798 24 0
12 2083 0.6912482 24 0
13 2128 0.6867516 24 0
14 2117 0.68435585 24 0
15 2214 0.6838786 24 0
16 2243 0.68375146 24 0
17 2310 0.6809287 24 0
18 2334 0.6808976 24 0
19 2357 0.67980886 24 0
20 2403 0.6755987 24 0
21 2416 0.6736578 24 0
22 2418 0.67387843 24 0
23 2438 0.67108 24 0
24 2437 0.6701162 24 0
25 2485 0.6704391 24 0
26 2516 0.66976225 24 0
27 2488 0.6673853 24 0
28 2534 0.6675731 24 0
29 2573 0.66199666 24 0
30 2571 0.6618301 24 0
31 2595 0.66082263 24 0
32 2606 0.6586127 24 0
33 2647 0.65414405 24 0
34 2634 0.65346366 24 0
35 2656 0.65245867 24 0
36 2630 0.65225166 24 0
37 2680 0.6486247 24 0
38 2677 0.6472656 24 0
39 2707 0.64473796 24 0
40 2703 0.6434133 24 0
41 2725 0.6418973 24 0
42 2751 0.6394634 24 0
43 2735 0.6382569 24 0
44 2730 0.63679016 24 0
45 2769 0.6342485 24 0
46 2745 0.6367533 24 0
47 2794 0.6336564 24 0
48 2795 0.63044775 24 0
49 2792 0.63261795 24 0
50 2829 0.62831265 24 0
51 2824 0.6304617 24 0
52 2814 0.62935394 24 0
53 2814 0.6243299 24 0
54 2856 0.6287554 24 0
55 2857 0.624387 24 0
56 2848 0.62533855 24 0
57 2857 0.6210731 24 0
58 2882 0.6209898 24 0
59 2876 0.6237066 24 0
60 2889 0.62237155 24 0
61 2888 0.61456263 24 0
62 2880 0.6174655 24 0
63 2915 0.61834925 24 0
64 2890 0.61883533 24 0
65 2899 0.61723274 24 0
66 2896 0.61788917 24 0
67 2908 0.6121856 24 0
68 2905 0.6156042 24 0
69 2905 0.6098802 24 0
70 2921 0.61307985 24 0
71 2921 0.6142552 24 0
72 2913 0.61088526 24 0
73 2930 0.61090285 24 0
74 2922 0.6117258 24 0
75 2937 0.60944295 24 0
76 2922 0.61317825 24 0
77 2930 0.6072848 24 0
78 2943 0.6102552 24 0
79 2924 0.6118542 24 0
80 2943 0.60851574 24 0
81 2939 0.60874987 24 0
82 2941 0.60730195 24 0
83 2945 0.6098783 24 0
84 2941 0.60874313 24 0
85 2941 0.6045052 24 0
86 2949 0.6011112 24 0
87 2944 0.600389 24 0
88 2956 0.602479 24 0
89 2940 0.603752 24 0
90 2955 0.5999877 24 0
91 2958 0.59981436 24 0
92 2965 0.59933734 24 0
93 2958 0.59968245 24 0
94 2959 0.595908 24 0
95 2960 0.5967205 24 0
96 2956 0.5993126 24 0
97 2972 0.5969134 24 0
98 2971 0.5969378 24 0
99 2960 0.5977483 24 0
100 2958 0.59391665 24 0
101 2973 0.59114075 24 0
102 2968 0.5986353 24 0
103 2966 0.59496385 24 0
104 2976 0.59855413 24 0
105 2962 0.59442353 24 0
106 2972 0.5959152 24 0
107 2970 0.5955421 24 0
108 2975 0.597875 24 0
109 2950 0.5979395 24 0
110 2964 0.59344816 24 0
111 2972 0.5958353 24 0
112 2971 0.5946114 24 0
113 2951 0.5945711 24 0
114 2967 0.59535766 24 0
115 2977 0.5920018 24 0
116 2980 0.5927414 24 0
117 2965 0.593573 24 0
118 2963 0.59156084 24 0
119 2972 0.5914029 24 0
120 2967 0.5936494 24 0
121 2977 0.5937831 24 0
122 2968 0.593408 24 0
123 2970 0.58897585 24 0
124 2977 0.5897986 24 0
125 2974 0.58640105 24 0
126 2980 0.59036267 24 0
127 2977 0.5883838 24 0
128 2968 0.5895941 24 0
129 2970 0.5834235 24 0
130 2973 0.58363366 24 0
131 2979 0.5842082 24 0
